0
3.0 3.0 0 0
1.2000081218822591 5.325441370362277 1.0787398324464508 1.0949832812326565
3.4856099542176207 4.136024451666541 1.2090161079611428 -1.203677244352823
3.655665266292078 5.985126396883244 -1.029810652730591 -0.835144979062521
1.6220068789591628 5.139078538812226 0.4657602258668522 1.9048524247233933
0.028868471899127446 4.5763415037377575 -0.8521130947519356 -0.5157284996368242
5.262592103537424 2.2112090850774564 -1.2629463171745725 0.047651708162215055
4.799310194052923 3.6332528456757567 0.0839130459603967 -1.945347212165683
4.04942806208669 5.310551395219632 -0.8696463292129561 -0.22820268219358453
0.3428318767227603 3.8853003179032495 -0.356909256980232 -1.3995233037595856
3.55124573923996 0.28178683810435956 0.5457899899038338 -0.24188625899244257
0.04233127418555993 1.9036249496528959 1.3032038822497312 -0.24544472824824073
5.774121431729849 3.6166323179990356 1.539049239666922 0.4886972901268262
0.6881860084332583 4.7252484096129015 1.241295645038972 0.9850773301253342
3.5310497167754606 1.5004909349469011 0.8505591302741654 -0.019503472387475292
3.2034790357715472 1.2093999064685528 0.5810338959441044 1.5044809675321518
1.7431791450973997 5.539343375672967 0.06151340549609318 1.882015097268824
0.5038808054639186 0.4400238373637717 -1.323128407502139 0.5149868917136731
0.3843773936269701 5.500515516423546 1.6025693326729955 0.7836851287688945
1.7527583722999505 0.8617209551413252 -1.5871538691506841 -0.225496982810978
1.205561439341343 0.39343022690841023 -0.9918718565578115 -0.3777335121592841
4.665791119672787 1.030269993958373 0.29939790084114226 1.5113111208729129
0.9500405800102254 2.8386785729936204 0.19049611032017877 0.08033948084707397
1.6173698422722367 4.362410920613652 -0.8960442720898909 1.3417191330925005
0.3549607751815489 4.974565392454588 -0.6940973100480932 -0.3138607868237718
0.5401694044026115 2.994525900430636 1.2527069308024246 1.2539508366212178
2.6695730412536935 4.721840602191029 0.35421869744563744 1.899846216510499
3.0446785731209216 4.210850011209434 -0.9029236361008799 -1.5044457356953271
3.8239716234922096 4.5583440360245095 0.11385704884037097 1.4551062303960742
2.5552964433477747 1.4565853985966564 -1.6257651888723321 -0.5005173414847595
5.9265625991638835 4.566882466145936 -1.6588373195514639 0.9237293210137133
1.3089385194869931 1.2221246427902503 -1.1728013870015546 1.1307381875046008
1.182542714509206 3.3880571608149452 -1.6065922016439196 -0.2150201794035332
4.19264776259271 3.1827526273382283 0.1840047545634185 -1.330961301357099
1.614318391985508 3.270037006490379 0.7727650985389499 -1.2331889309084052
0.047466215584759386 2.7330255734516546 -0.9248390421497359 -1.0268470671874224
5.095725887692008 0.8905954406942469 1.0492368437912332 1.2179757610888506
2.353185214519073 0.4295632233567346 -0.0513933029184872 0.3023605117244393
3.2158450096419564 5.6361369634740335 -0.1720100143130357 -0.7859186205621186
3.136248670464377 0.7974567501126066 -0.512465007765948 -1.8890304756227896
4.631959953436743 0.5038048172047349 1.7951850992914955 0.5872738617622937
5.05579470381114 4.870032946141189 0.6964443882376858 1.747848218907204
2.6913692001141705 5.615442777509397 1.8474253838056196 0.49179855090063845
5.133964029644208 5.6593983818715206 -0.6226468061349415 -1.4899743525423237
4.17543120835311 4.3641938367965105 -0.21280230712837145 0.6866867119609495
1.9319913120402648 3.814904737897513 -0.9437823186572617 -0.905862890279283
5.214319365292998 2.8234165295278553 -0.6159609905558271 -0.7126572005235148
0.5226325302602632 2.3525976655969574 1.4458301458496032 -0.6817517537542965
4.169915283105155 1.9111916928180244 -1.507399031096783 1.0832695496758509
5.695315465377372 5.23878981703622 1.4568534842498782 0.7755436977631267
0.8519361833091996 0.7966656899032338 0.7736542268181167 1.7268533712748615
5.340382597757833 3.7755052493101813 1.3232359810264274 0.26790839693865887
2.17185994773995 5.236915837115767 0.8749215674733727 1.4981705962176368
1.7727918401699956 5.951062279164571 1.4514757258652025 -0.481458953875635
3.6028441561828792 5.491779708828332 -1.007799582353593 -0.35322137678646276
5.897352765172336 0.38573660498498397 -0.017418038994749852 1.8884992642640024
4.327176199470737 3.6509618579332974 -1.574203484002355 0.6775000117734755
5.0372850387064485 1.7018231746617714 0.04330707489614239 -0.46843115141829145
3.348048466395647 4.65389472004727 -0.9284184732377176 -0.8277655448487762
2.4607374683471654 3.8477722396345717 0.26903782188481373 -0.2326333224741139
0.11860067882112091 1.0784455778725206 1.1230451895112665 -1.2609250019096836
0.7482734069882728 1.3068509197603202 0.19774952713462726 1.13547238891545
4.493230965602991 5.31235138551859 1.0031848150272373 0.6655235050272712
5.574577756975489 0.9343115595230671 -0.1749639140726723 -0.5018166954773187
4.655544838935051 4.622879278931045 0.5041211324353806 0.6615843391922483
5.602900310941147 0.02029764498007003 1.013101752612675 1.442713303752217
1.6891476316409146 1.8717425323116117 -1.5050409922334425 0.9723938039655223
2.0774639403623096 1.6801276095841178 -0.47011070557597945 0.9278865179733291
4.270884638613172 1.126307276205408 0.014955679532300578 -1.4633142117107407
2.245103189015186 2.1214158042980045 0.7627470315597894 -0.5162493983184159
3.7746687650132964 2.1456073589614206 0.6465050157893109 -1.8909770353190882
3.8601359571780804 3.9323190901550613 -1.2769982765711143 0.9488403806538603
1.7785668277690638 2.6532259679703603 -1.9292002392088194 0.2901234957592649
5.043582495293408 0.3279658392352469 -0.6463360713306192 0.5189030609872818
1.1770194868979102 5.843860934380501 0.6334431608134529 -1.034883038552869
0.39039339547645024 1.6995785262753589 -0.09843633134346487 1.8688126153749107
4.0843102045956945 0.6836703335828318 1.8660920623812383 0.6823276683601948
0.03517210450435937 3.2450967240829964 0.720659916844799 -1.621643706817111
4.587491159313193 2.8081713928456624 1.6676066606880762 -0.8683082742789932
4.06416306335441 2.42623459964874 -1.0085425176722618 -1.6890199656819531
5.8583852387188475 2.968692855136932 0.4658864807662882 -1.8371574304932279
5.423569775946224 1.4913942941851603 -0.3179216176395026 -0.615705308898909
1.2791793222945171 4.827954225443394 0.3133075696797768 -0.5025842044855978
5.918646849394985 1.608631282308064 0.5872043639860278 0.6109310516987427
2.88029222181009 5.251060476370801 0.9888987033070111 0.8983445466251873
1.1958039936562372 2.2568648783489818 0.4902540820102817 -0.8215402911031472
0.7682330899470158 5.318821677693595 0.486030120654974 -1.5604733738772583
2.077459093076326 4.347904428551539 -0.9823432557142507 0.9717809860938347
5.046835439438671 4.23041877083037 1.0147126832982527 -1.047562026741654
2.45819802107545 0.8750287282453515 1.1612987966931712 0.09089326779778689
4.634181468866834 2.2267550839215553 0.5318795901284806 -0.8863977768622174
5.695067416969569 5.954641173939953 -1.4004341057459537 -1.1045315033675505
5.608305591269996 4.113381661246179 0.7945238027981739 1.1453515609201756
1.6403825808494912 0.33572785310047504 0.7334835428717886 1.2095930569638622
1.2955910718544343 1.7337837620724084 -0.8927999404776757 -0.7359576461083128
5.760436493471817 2.3816728162469367 -0.6782056902633617 -1.7262489357859019
